1 1.0 -0.45 0 0 0 0 0.1 0.001
2 1.0 -0.4 0 0 0 0 0.1 0.001
3 1.0 -0.35 0 0 0 0 0.1 0.001
4 1.0 -0.3 0 0 0 0 0.1 0.001
5 1.0 -0.25 0 0 0 0 0.1 0.001
6 1.0 -0.2 0 0 0 0 0.1 0.001
7 1.0 -0.15 0 0 0 0 0.1 0.001
8 1.0 -0.1 0 0 0 0 0.1 0.001
9 1.0 -0.05 0 0 0 0 0.1 0.001
10 1.0 0 0 0 0 0 0.1 0.001
11 1.0 0.05 0 0 0 0 0.1 0.001
12 1.0 0.1 0 0 0 0 0.1 0.001
13 1.0 0.15 0 0 0 0 0.1 0.001
14 1.0 0.2 0 0 0 0 0.1 0.001
15 1.0 0.25 0 0 0 0 0.1 0.001
16 1.0 0.3 0 0 0 0 0.1 0.001
17 1.0 0.35 0 0 0 0 0.1 0.001
18 1.0 0.4 0 0 0 0 0.1 0.001
19 1.0 0.45 0 0 0 0 0.1 0.001
