1 0.005 0 0.0999499 0.100039 0
1 0.005 0.005 0.0998601 0.100108 0
1 0.005 0.01 0.0997314 0.100204 0
1 0.005 0.015 0.0995648 0.100328 0
1 0.005 0.02 0.099361 0.100477 0
1 0.005 0.025 0.0991209 0.100651 0
1 0.005 0.03 0.0988453 0.100849 0
1 0.005 0.035 0.0985348 0.10107 0
1 0.005 0.04 0.0981902 0.101312 0
1 0.005 0.045 0.0978122 0.101576 0
1 0.005 0.05 0.0974013 0.101859 0
1 0.005 0.055 0.0969582 0.102159 0
1 0.005 0.06 0.0964834 0.102478 0
1 0.005 0.065 0.0959775 0.102812 0
1 0.005 0.07 0.0954412 0.103163 0
1 0.005 0.075 0.0948748 0.103528 0
1 0.005 0.08 0.0942789 0.103907 0
1 0.005 0.085 0.0936539 0.1043 0
1 0.005 0.09 0.0930015 0.104706 0
1 0.005 0.095 0.0923219 0.105123 0
1 0.005 0.1 0.0916155 0.105552 0
1 0.005 0.105 0.0908828 0.105992 0
1 0.005 0.11 0.0901241 0.106442 0
1 0.005 0.115 0.0893398 0.1069 0
1 0.005 0.12 0.0885302 0.107368 0
1 0.005 0.125 0.0876956 0.107844 0
1 0.005 0.13 0.0868364 0.108327 0
1 0.005 0.135 0.0859529 0.108817 0
1 0.005 0.14 0.0850454 0.109313 0
1 0.005 0.145 0.0841151 0.109814 0
1 0.005 0.15 0.0831623 0.11032 0
1 0.005 0.155 0.0821872 0.11083 0
1 0.005 0.16 0.0811901 0.111343 0
1 0.005 0.165 0.0801712 0.111858 0
1 0.005 0.17 0.0791308 0.112376 0
1 0.005 0.175 0.0780689 0.112895 0
1 0.005 0.18 0.076987 0.113415 0
1 0.005 0.185 0.0758852 0.113936 0
1 0.005 0.19 0.0747636 0.114458 0
1 0.005 0.195 0.0736224 0.114979 0
1 0.005 0.2 0.0724618 0.115499 0
1 0.005 0.205 0.071282 0.116018 0
1 0.005 0.21 0.0700831 0.116536 0
1 0.005 0.215 0.0688663 0.117052 0
1 0.005 0.22 0.0676318 0.117565 0
1 0.005 0.225 0.0663796 0.118075 0
1 0.005 0.23 0.06511 0.118581 0
1 0.005 0.235 0.0638229 0.119082 0
1 0.005 0.24 0.0625186 0.119578 0
1 0.005 0.245 0.0611971 0.12007 0
1 0.005 0.25 0.0598598 0.120555 0
1 0.005 0.255 0.0585066 0.121035 0
1 0.005 0.26 0.0571376 0.121509 0
1 0.005 0.265 0.055753 0.121976 0
1 0.005 0.27 0.0543529 0.122436 0
1 0.005 0.275 0.0529385 0.122889 0
1 0.005 0.28 0.0515097 0.123335 0
1 0.005 0.285 0.0500668 0.123772 0
1 0.005 0.29 0.0486098 0.124202 0
1 0.005 0.295 0.0471387 0.124623 0
1 0.005 0.3 0.0456537 0.125035 0
1 0.005 0.305 0.0441559 0.125437 0
1 0.005 0.31 0.0426454 0.125829 0
1 0.005 0.315 0.0411223 0.126211 0
1 0.005 0.32 0.0395866 0.126582 0
1 0.005 0.325 0.0380384 0.126941 0
1 0.005 0.33 0.0364788 0.12729 0
1 0.005 0.335 0.0349081 0.127627 0
1 0.005 0.34 0.0333261 0.127952 0
1 0.005 0.345 0.0317329 0.128265 0
1 0.005 0.35 0.0301287 0.128566 0
1 0.005 0.355 0.0285146 0.128855 0
1 0.005 0.36 0.0268907 0.12913 0
1 0.005 0.365 0.025257 0.129393 0
1 0.005 0.37 0.0236135 0.129642 0
1 0.005 0.375 0.0219604 0.129878 0
1 0.005 0.38 0.0202988 0.1301 0
1 0.005 0.385 0.0186287 0.130309 0
1 0.005 0.39 0.0169503 0.130503 0
1 0.005 0.395 0.0152635 0.130683 0
1 0.005 0.4 0.0135695 0.130848 0
1 0.005 0.405 0.0118685 0.130999 0
1 0.005 0.41 0.0101603 0.131134 0
1 0.005 0.415 0.00844513 0.131254 0
1 0.005 0.42 0.00672296 0.131359 0
1 0.005 0.425 0.00499499 0.131449 0
1 0.005 0.43 0.00326127 0.131522 0
1 0.005 0.435 0.00152184 0.13158 0
1 0.005 0.44 -0.000223272 0.131622 0
1 0.005 0.445 -0.00197286 0.131647 0
1 0.005 0.45 -0.00372688 0.131655 0
1 0.005 0.455 -0.00548532 0.131647 0
1 0.005 0.46 -0.00724813 0.131622 0
1 0.005 0.465 -0.00901526 0.13158 0
1 0.005 0.47 -0.0107855 0.131521 0
1 0.005 0.475 -0.0125589 0.131444 0
1 0.005 0.48 -0.0143353 0.13135 0
1 0.005 0.485 -0.0161147 0.131237 0
1 0.005 0.49 -0.0178959 0.131107 0
1 0.005 0.495 -0.0196788 0.130959 0
1 0.005 0.5 -0.0214635 0.130792 0
1 0.005 0.505 -0.0232499 0.130608 0
1 0.005 0.51 -0.025038 0.130404 0
1 0.005 0.515 -0.0268265 0.130182 0
1 0.005 0.52 -0.0286153 0.12994 0
1 0.005 0.525 -0.0304046 0.12968 0
1 0.005 0.53 -0.0321941 0.129401 0
1 0.005 0.535 -0.0339827 0.129102 0
1 0.005 0.54 -0.0357704 0.128783 0
1 0.005 0.545 -0.0375571 0.128445 0
1 0.005 0.55 -0.0393427 0.128087 0
1 0.005 0.555 -0.0411261 0.127709 0
1 0.005 0.56 -0.0429073 0.127311 0
1 0.005 0.565 -0.0446861 0.126893 0
1 0.005 0.57 -0.0464625 0.126455 0
1 0.005 0.575 -0.0482364 0.125996 0
1 0.005 0.58 -0.0500067 0.125516 0
1 0.005 0.585 -0.0517733 0.125015 0
1 0.005 0.59 -0.0535361 0.124494 0
1 0.005 0.595 -0.0552952 0.123953 0
1 0.005 0.6 -0.0570492 0.123391 0
1 0.005 0.605 -0.0587982 0.122808 0
1 0.005 0.61 -0.0605421 0.122206 0
1 0.005 0.615 -0.0622808 0.121582 0
1 0.005 0.62 -0.0640142 0.120938 0
1 0.005 0.625 -0.0657413 0.120272 0
1 0.005 0.63 -0.0674619 0.119586 0
1 0.005 0.635 -0.0691759 0.118878 0
1 0.005 0.64 -0.0708833 0.118149 0
1 0.005 0.645 -0.072583 0.117399 0
1 0.005 0.65 -0.0742748 0.116627 0
1 0.005 0.655 -0.0759587 0.115834 0
1 0.005 0.66 -0.0776346 0.115021 0
1 0.005 0.665 -0.0793025 0.114186 0
1 0.005 0.67 -0.0809612 0.11333 0
1 0.005 0.675 -0.0826107 0.112453 0
1 0.005 0.68 -0.0842508 0.111555 0
1 0.005 0.685 -0.0858814 0.110636 0
1 0.005 0.69 -0.0875026 0.109694 0
1 0.005 0.695 -0.0891131 0.108732 0
1 0.005 0.7 -0.090713 0.107748 0
1 0.005 0.705 -0.0923021 0.106743 0
1 0.005 0.71 -0.0938803 0.105718 0
1 0.005 0.715 -0.0954465 0.104671 0
1 0.005 0.72 -0.0970007 0.103604 0
1 0.005 0.725 -0.0985429 0.102514 0
1 0.005 0.73 -0.100073 0.101404 0
1 0.005 0.735 -0.10159 0.100273 0
1 0.005 0.74 -0.103095 0.0991216 0
1 0.005 0.745 -0.104586 0.0979494 0
1 0.005 0.75 -0.106063 0.0967565 0
1 0.005 0.755 -0.107527 0.0955427 0
1 0.005 0.76 -0.108977 0.0943081 0
1 0.005 0.765 -0.110413 0.0930524 0
1 0.005 0.77 -0.111834 0.0917767 0
1 0.005 0.775 -0.113241 0.0904809 0
1 0.005 0.78 -0.114632 0.0891648 0
1 0.005 0.785 -0.116009 0.0878284 0
1 0.005 0.79 -0.11737 0.0864717 0
1 0.005 0.795 -0.118715 0.0850946 0
1 0.005 0.8 -0.120044 0.0836981 0
1 0.005 0.805 -0.121356 0.082282 0
1 0.005 0.81 -0.122652 0.0808464 0
1 0.005 0.815 -0.123931 0.0793911 0
1 0.005 0.82 -0.125194 0.0779162 0
1 0.005 0.825 -0.126439 0.0764226 0
1 0.005 0.83 -0.127666 0.0749102 0
1 0.005 0.835 -0.128875 0.073379 0
1 0.005 0.84 -0.130067 0.071829 0
1 0.005 0.845 -0.13124 0.0702601 0
1 0.005 0.85 -0.132396 0.0686734 0
1 0.005 0.855 -0.133533 0.0670687 0
1 0.005 0.86 -0.134651 0.0654461 0
1 0.005 0.865 -0.135749 0.0638055 0
1 0.005 0.87 -0.136828 0.0621469 0
1 0.005 0.875 -0.137888 0.0604714 0
1 0.005 0.88 -0.138929 0.0587789 0
1 0.005 0.885 -0.139949 0.0570693 0
1 0.005 0.89 -0.14095 0.0553427 0
1 0.005 0.895 -0.14193 0.0535991 0
1 0.005 0.9 -0.142889 0.0518395 0
1 0.005 0.905 -0.143828 0.050064 0
1 0.005 0.91 -0.144746 0.0482724 0
1 0.005 0.915 -0.145642 0.0464649 0
1 0.005 0.92 -0.146518 0.0446424 0
1 0.005 0.925 -0.147372 0.0428051 0
1 0.005 0.93 -0.148205 0.0409528 0
1 0.005 0.935 -0.149016 0.0390856 0
1 0.005 0.94 -0.149805 0.0372035 0
1 0.005 0.945 -0.150572 0.0353076 0
1 0.005 0.95 -0.151316 0.033398 0
1 0.005 0.955 -0.152037 0.0314746 0
1 0.005 0.96 -0.152736 0.0295375 0
1 0.005 0.965 -0.153412 0.0275879 0
1 0.005 0.97 -0.154065 0.0256256 0
1 0.005 0.975 -0.154695 0.0236508 0
1 0.005 0.98 -0.155302 0.0216635 0
1 0.005 0.985 -0.155886 0.0196648 0
1 0.005 0.99 -0.156447 0.0176548 0
1 0.005 0.995 -0.156983 0.0156335 0
1 0.005 1 -0.157495 0.013601 0
1 0.005 1.005 -0.157983 0.0115583 0
1 0.005 1.01 -0.158446 0.00950569 0
1 0.005 1.015 -0.158885 0.00744304 0
1 0.005 1.02 -0.1593 0.0053716 0
1 0.005 1.025 -0.159689 0.00329139 0
1 0.005 1.03 -0.160054 0.00120245 0
1 0.005 1.035 -0.160394 -0.000895174 0
1 0.00497409 1.04 -0.160708 -0.00298932 0
1 0.00497409 1.04497 -0.160997 -0.00509082 0
1 0.00497409 1.04995 -0.161261 -0.00719963 0
1 0.00497409 1.05492 -0.161499 -0.0093157 0
1 0.00497409 1.0599 -0.161713 -0.0114378 0
1 0.00497409 1.06487 -0.161902 -0.0135659 0
1 0.00497409 1.06984 -0.162065 -0.0156999 0
1 0.00497409 1.07482 -0.162203 -0.0178387 0
1 0.00497409 1.07979 -0.162315 -0.0199822 0
1 0.00497409 1.08477 -0.162402 -0.0221303 0
1 0.00497409 1.08974 -0.162463 -0.0242829 0
1 0.00497409 1.09472 -0.162499 -0.0264389 0
1 0.00497409 1.09969 -0.162508 -0.0285981 0
1 0.00497409 1.10466 -0.162492 -0.0307606 0
1 0.00497409 1.10964 -0.16245 -0.0329262 0
1 0.00497409 1.11461 -0.162381 -0.0350938 0
1 0.00497409 1.11959 -0.162286 -0.0372632 0
1 0.00497409 1.12456 -0.162165 -0.0394344 0
1 0.00497409 1.12953 -0.162017 -0.0416061 0
1 0.00497409 1.13451 -0.161843 -0.0437784 0
1 0.00497409 1.13948 -0.161643 -0.045951 0
1 0.00497409 1.14446 -0.161415 -0.048124 0
1 0.00497409 1.14943 -0.161161 -0.0502962 0
1 0.00497409 1.1544 -0.16088 -0.0524674 0
1 0.00497409 1.15938 -0.160572 -0.0546375 0
1 0.00497409 1.16435 -0.160237 -0.0568065 0
1 0.00497409 1.16933 -0.159875 -0.0589732 0
1 0.00497409 1.1743 -0.159486 -0.0611375 0
1 0.00497409 1.17927 -0.15907 -0.0632992 0
1 0.00497409 1.18425 -0.158626 -0.0654572 0
1 0.00497409 1.18922 -0.158155 -0.0676115 0
1 0.00497409 1.1942 -0.157656 -0.0697618 0
1 0.00497409 1.19917 -0.15713 -0.0719082 0
1 0.00497409 1.20415 -0.156576 -0.0740493 0
1 0.00497409 1.20912 -0.155994 -0.0761852 0
1 0.00497409 1.21409 -0.155385 -0.0783158 0
1 0.00497409 1.21907 -0.154749 -0.0804399 0
1 0.00497409 1.22404 -0.154086 -0.0825574 0
1 0.00497409 1.22902 -0.153395 -0.0846682 0
1 0.00497409 1.23399 -0.152677 -0.0867722 0
1 0.00497409 1.23896 -0.151931 -0.0888682 0
1 0.00497409 1.24394 -0.151157 -0.0909563 0
1 0.00497409 1.24891 -0.150356 -0.0930362 0
1 0.00497409 1.25389 -0.149528 -0.0951078 0
1 0.00497409 1.25886 -0.148671 -0.0971701 0
1 0.00497409 1.26383 -0.147786 -0.0992229 0
1 0.00497409 1.26881 -0.146874 -0.101266 0
1 0.00497409 1.27378 -0.145935 -0.1033 0
1 0.00497409 1.27876 -0.144969 -0.105322 0
1 0.00497409 1.28373 -0.143975 -0.107334 0
1 0.00497409 1.2887 -0.142953 -0.109335 0
1 0.00497409 1.29368 -0.141904 -0.111325 0
1 0.00497409 1.29865 -0.140827 -0.113302 0
1 0.00497409 1.30363 -0.139722 -0.115268 0
1 0.00497409 1.3086 -0.13859 -0.117221 0
1 0.00497409 1.31358 -0.137432 -0.11916 0
1 0.00497409 1.31855 -0.136246 -0.121086 0
1 0.00497409 1.32352 -0.135032 -0.122998 0
1 0.00497409 1.3285 -0.133792 -0.124897 0
1 0.00497409 1.33347 -0.132524 -0.126781 0
1 0.00497409 1.33845 -0.131229 -0.128651 0
1 0.00497409 1.34342 -0.129908 -0.130506 0
1 0.00497409 1.34839 -0.12856 -0.132345 0
1 0.00497409 1.35337 -0.127185 -0.13417 0
1 0.00497409 1.35834 -0.125783 -0.135978 0
1 0.00497409 1.36332 -0.124354 -0.13777 0
1 0.00497409 1.36829 -0.122899 -0.139545 0
1 0.00497409 1.37326 -0.121418 -0.141304 0
1 0.00497409 1.37824 -0.119911 -0.143045 0
1 0.00497409 1.38321 -0.118377 -0.144769 0
1 0.00497409 1.38819 -0.116818 -0.146475 0
1 0.00497409 1.39316 -0.115232 -0.148164 0
1 0.00497409 1.39813 -0.113621 -0.149834 0
1 0.00497409 1.40311 -0.111984 -0.151486 0
1 0.00497409 1.40808 -0.110322 -0.153118 0
1 0.00497409 1.41306 -0.108634 -0.154732 0
1 0.00497409 1.41803 -0.106921 -0.156326 0
1 0.00497409 1.42301 -0.105183 -0.1579 0
1 0.00497409 1.42798 -0.10342 -0.159454 0
1 0.00497409 1.43295 -0.101633 -0.160988 0
1 0.00497409 1.43793 -0.0998203 -0.162502 0
1 0.00497409 1.4429 -0.0979836 -0.163995 0
1 0.00497409 1.44788 -0.0961229 -0.165467 0
1 0.00497409 1.45285 -0.094238 -0.166918 0
1 0.00497409 1.45782 -0.092329 -0.168348 0
1 0.00497409 1.4628 -0.0903969 -0.169756 0
1 0.00497409 1.46777 -0.0884415 -0.171142 0
1 0.00497409 1.47275 -0.0864629 -0.172506 0
1 0.00497409 1.47772 -0.084461 -0.173847 0
1 0.00497409 1.48269 -0.0824369 -0.175166 0
1 0.00497409 1.48767 -0.0803905 -0.176462 0
1 0.00497409 1.49264 -0.0783219 -0.177735 0
1 0.00497409 1.49762 -0.0762309 -0.178985 0
1 0.00497409 1.50259 -0.0741187 -0.180211 0
1 0.00497409 1.50756 -0.0719852 -0.181414 0
1 0.00497409 1.51254 -0.0698305 -0.182592 0
1 0.00497409 1.51751 -0.0676555 -0.183747 0
1 0.00497409 1.52249 -0.0654603 -0.184877 0
1 0.00497409 1.52746 -0.0632449 -0.185983 0
1 0.00497409 1.53244 -0.0610093 -0.187064 0
1 0.00497409 1.53741 -0.0587545 -0.188121 0
1 0.00497409 1.54238 -0.0564806 -0.189152 0
1 0.00497409 1.54736 -0.0541877 -0.190158 0
1 0.00497409 1.55233 -0.0518767 -0.191139 0
1 0.00497409 1.55731 -0.0495478 -0.192094 0
1 0.00497409 1.56228 -0.0472008 -0.193023 0
1 0.00497409 1.56725 -0.044836 -0.193927 0
1 0.00497409 1.57223 -0.0424544 -0.194804 0
1 0.00497409 1.5772 -0.0400559 -0.195656 0
1 0.00497409 1.58218 -0.0376408 -0.196481 0
1 0.00497409 1.58715 -0.0352101 -0.197279 0
1 0.00497409 1.59212 -0.0327639 -0.19805 0
1 0.00497409 1.5971 -0.0303022 -0.198795 0
1 0.00497409 1.60207 -0.0278261 -0.199512 0
1 0.00497409 1.60705 -0.0253358 -0.200202 0
1 0.00497409 1.61202 -0.0228313 -0.200865 0
1 0.00497409 1.61699 -0.0203137 -0.201501 0
1 0.00497409 1.62197 -0.0177831 -0.202109 0
1 0.00497409 1.62694 -0.0152395 -0.202689 0
1 0.00497409 1.63192 -0.0126842 -0.203242 0
1 0.00497409 1.63689 -0.0101173 -0.203767 0
1 0.00497409 1.64187 -0.00753871 -0.204263 0
1 0.00497409 1.64684 -0.00494977 -0.204731 0
1 0.00497409 1.65181 -0.00235051 -0.20517 0
1 0.00497409 1.65679 0.000259006 -0.205581 0
1 0.00497409 1.66176 0.00287755 -0.205963 0
1 0.00497409 1.66674 0.00550507 -0.206316 0
1 0.00497409 1.67171 0.00814147 -0.206641 0
1 0.00497409 1.67668 0.0107855 -0.206936 0
1 0.00497409 1.68166 0.0134372 -0.207203 0
1 0.00497409 1.68663 0.0160963 -0.20744 0
1 0.00497409 1.69161 0.0187617 -0.207647 0
1 0.00497409 1.69658 0.0214333 -0.207826 0
1 0.00497409 1.70155 0.0241109 -0.207975 0
1 0.00497409 1.70653 0.0267934 -0.208094 0
1 0.00497409 1.7115 0.0294807 -0.208184 0
1 0.00497409 1.71648 0.0321726 -0.208244 0
1 0.00497409 1.72145 0.034868 -0.208274 0
1 0.00497409 1.72642 0.0375666 -0.208274 0
1 0.00497409 1.7314 0.0402685 -0.208243 0
1 0.00497409 1.73637 0.0429724 -0.208183 0
1 0.00497409 1.74135 0.0456781 -0.208093 0
1 0.00497409 1.74632 0.0483856 -0.207972 0
1 0.00497409 1.7513 0.0510936 -0.207821 0
1 0.00497409 1.75627 0.0538021 -0.207639 0
1 0.00497409 1.76124 0.0565108 -0.207426 0
1 0.00497409 1.76622 0.0592187 -0.207183 0
1 0.00497409 1.77119 0.0619255 -0.206909 0
1 0.00497409 1.77617 0.0646311 -0.206604 0
1 0.00497409 1.78114 0.0673344 -0.206268 0
1 0.00497409 1.78611 0.0700352 -0.205901 0
1 0.00497409 1.79109 0.0727333 -0.205503 0
1 0.00497409 1.79606 0.0754277 -0.205074 0
1 0.00497409 1.80104 0.0781181 -0.204613 0
1 0.00497409 1.80601 0.0808044 -0.204121 0
1 0.00497409 1.81098 0.0834854 -0.203598 0
1 0.00497409 1.81596 0.086161 -0.203043 0
1 0.00497409 1.82093 0.0888302 -0.202456 0
1 0.00497409 1.82591 0.0914927 -0.201838 0
1 0.00497409 1.83088 0.0941484 -0.201189 0
1 0.00497409 1.83585 0.0967963 -0.200508 0
1 0.00497409 1.84083 0.0994361 -0.199796 0
1 0.00497409 1.8458 0.102068 -0.199051 0
1 0.00497409 1.85078 0.10469 -0.198275 0
1 0.00497409 1.85575 0.107303 -0.197467 0
1 0.00497409 1.86073 0.109907 -0.196628 0
1 0.00497409 1.8657 0.1125 -0.195756 0
1 0.00497409 1.87067 0.115082 -0.194852 0
1 0.00497409 1.87565 0.117653 -0.193916 0
1 0.00497409 1.88062 0.120212 -0.192948 0
1 0.00497409 1.8856 0.12276 -0.191948 0
1 0.00497409 1.89057 0.125295 -0.190917 0
1 0.00497409 1.89554 0.127817 -0.189853 0
1 0.00497409 1.90052 0.130325 -0.188757 0
1 0.00497409 1.90549 0.13282 -0.187629 0
1 0.00497409 1.91047 0.135301 -0.186468 0
1 0.00497409 1.91544 0.137767 -0.185276 0
1 0.00497409 1.92041 0.140218 -0.184051 0
1 0.00497409 1.92539 0.142655 -0.182795 0
1 0.00497409 1.93036 0.145076 -0.181506 0
1 0.00497409 1.93534 0.14748 -0.180185 0
1 0.00497409 1.94031 0.149869 -0.178832 0
1 0.00497409 1.94528 0.15224 -0.177447 0
1 0.00497409 1.95026 0.154595 -0.17603 0
1 0.00497409 1.95523 0.156932 -0.17458 0
1 0.00497409 1.96021 0.159251 -0.173099 0
1 0.00497409 1.96518 0.161552 -0.171586 0
1 0.00497409 1.97016 0.163834 -0.170041 0
1 0.00497409 1.97513 0.166098 -0.168465 0
1 0.00497409 1.9801 0.168342 -0.166856 0
1 0.00497409 1.98508 0.170567 -0.165216 0
1 0.00497409 1.99005 0.172772 -0.163544 0
1 0.00497409 1.99503 0.174957 -0.161841 0
1 0.005 2 0.177132 -0.160096 0
